-2.628968069310112894e+08
-1.730083955898852944e+08
-1.702763570900268555e+08
-1.695194671549251378e+08
-1.692036429756213427e+08
-1.690337644094311297e+08
-1.688993613077802062e+08
-1.688454097212473154e+08
-1.687808407835445106e+08
-1.687460763564325571e+08
-1.687161256155680418e+08
-1.687057884732682705e+08
-1.686928457433363795e+08
-1.686995321121771634e+08
-1.686930758823161721e+08
-1.686998058159768581e+08
-1.686840887819559276e+08
-1.686782074160352647e+08
-1.686856735586170554e+08
-1.686846683720309734e+08
-1.686829086240713000e+08
-1.687042896991299689e+08
-1.687039962183624506e+08
-1.686932362839365602e+08
-1.687111510842445195e+08
-1.687188419716707766e+08
-1.687252362202187479e+08
-1.687351935456758738e+08
-1.687390128434150815e+08
-1.687354914285345376e+08
